experiments:

  - test: test_0
    start:
      object_xyz_wxyz: 4.380627 0.566923 1.102000 1.000000 -0.000000 0.000000 -0.000000
      base_xyzyaw: 3.804622 0.756243 0.300000 0.000000
      rarm: -0.002109 0.655300 0.000000 -1.517650 -3.138816 -0.862352 3.139786
      larm: 0.200000 1.400000 1.900000 -0.400000 -0.100000 -1.000000 0.000000
    goal:
      object_xyz_wxyz: 6.387181 0.438287 1.102000 1.000000 -0.000000 0.000000 -0.000000
      base_xyzyaw: 5.811176 0.627607 0.300000 0.000000
      rarm: -0.002109 0.655300 0.000000 -1.517650 -3.138816 -0.862352 3.139786
      larm: 0.200000 1.400000 1.900000 -0.400000 -0.100000 -1.000000 0.000000

